1
2
3
4
7
8
9
10
11
12
13
14
16
17
18
19
20
21
24
25
27
28
29
30
31
32
33
34
36
37
38
39
40
43
44
45
46
47
48
49
51
52
54
55
56
57
58
59
60
61
62
63
64
66
67
68
69
71
72
73
74
75
77
78
79
82
84
85
86
88
89
91
92
93
94
95
96
97
98
99
104
105
106
107
110
111
113
114
115
120
122
124
125
127
128
129
130
131
132
134
135
136
137
138
139
140
141
142
145
146
147
148
149
150
152
153
154
155
156
157
160
162
163
164
166
167
168
169
171
172
173
174
176
177
178
179
180
181
182
183
184
185
186
188
190
192
194
196
197
198
199
200
202
203
206
207
208
210
211
212
213
214
215
216
217
218
219
220
221
222
223
224
226
227
229
231
236
238
239
240
243
244
245
247
248
249
250
256
257
258
259
262
263
266
269
270
271
272
273
275
276
277
278
279
280
281
282
283
285
286
288
289
290
295
296
299
300
301
304
307
308
310
312
313
314
316
318
319
320
324
326
327
328
329
330
332
334
335
336
340
342
343
347
348
349
350
351
353
354
355
356
359
360
361
362
363
364
365
366
367
368
369
372
373
374
375
376
378
379
380
383
384
386
389
391
394
396
400
402
404
405
406
407
409
412
414
416
417
419
420
421
422
423
424
425
429
432
436
438
439
442
443
444
445
446
449
450
453
456
458
461
465
466
467
470
471
473
474
475
476
481
482
483
485
486
489
490
493
494
495
496
497
499
501
502
504
507
508
509
513
514
515
517
520
521
523
524
526
530
536
537
543
548
549
551
557
558
567
574
578
589
617
626
627
629
631
636
648
654
676
677
678
679
680
686
688
689
691
692
693
694
696
697
704
705
708
709
710
711
712
713
718
719
720
722
723
728
729
730
731
733
735
736
738
739
741
742
757
764
765
770
775
792
801
804
805
808
810
811
813
829
831
836
837
839
840
844
847
850
851
853
857
858
859
869
872
878
880
913
922
924
939
948
964
972
973
978
979
984
990
991
994
998
1017
1034
1042
1046
1051
1062
1069
1073
1074
1081
1082
1084
1092
1100
1130
1137
1144
1153
1154
1164
1167
1169
1173
1179
1189
1192
1201
1206
1227
1258
1268
1278
1279
1280
1285
1286
1288
1289
1297
1301
1312
1313
1315
1317
1318
1321
1324
1325
1326
1327
1331
1335
1338
1339
1351
1354
1355
1358
1359
1366
1367
1369
1372
1373
1378
1385
1391
1398
1409
1415
1418
1421
1423
1425
1426
1429
1437
1439
1440
1441
1442
1450
1451
1452
1453
1454
1455
1456
1457
1458
1459
1460
1461
1462
1463
1464
1465
1466
1470
1477
1483
1484
1491
1502
1506
1508
1511
1513
1514
1517
1518
1519
1520
1521
1522
1525
1526
1532
1534
1535
1536
1543
1544
1545
1546
1547
1548
1551
1556
1563
1568
1573
1582
1588
1591
1594
1599
1602
1605
1606
1607
1618
1619
1625
1626
1628
1648
1649
1650
1651
1663
1664
1665
1666
1668
1669
1670
1671
1673
1674
1675
1676
1677
1680
1681
1682
1687
1690
1692
1696
1700
1701
1702
1703
1704
1705
1706
1707
1708
1711
1713
1717
1718
1719
1720
1735
1743
1754
1755
1756
1758
1759
1760
1761
1763
1767
1769
1770
1772
1774
1779
1781
1789
1792
1793
1794
1795
1796
1797
1804
1805
1807
1812
1813
1825
1826
1844
1845
1858
1859
1871
1873
1874
1878
1881
1883
1886
1890
1891
1892
1894
1897
1899
1900
1901
1914
1915
1935
1945
1946
1947
1958
1961
1969
1978
1988
1990
1991
1994
1996
1998
1999
2000
2001
2019
2026
2028
2029
2030
2033
2041
2048
2053
2054
2056
2057
2058
2066
2072
2073
2084
2085
2087
2090
2093
2094
2097
2100
2101
2102
2110
2111
2112
2113
2114
2115
2116
2123
2127
2139
2140
2158
2173
2186
2187
2190
2200
2201
2209
2214
2215
2216
2222
2223
2235
2244
2250
2251
2252
2253
2254
2255
2256
2257
2258
2265
2266
2267
2277
2283
2285
2287
2292
2294
2295
2298
2301
2306
2314
2322
2324
2325
2336
2337
2343
2352
2353
2354
2355
2356
2362
2390
2398
2416
2420
2421
2424
2425
2426
2427
2428
2429
2436
2437
2439
2442
2443
2454
2455
2457
2467
2474
2475
2476
2478
2479
2481
2482
2487
2491
2492
2493
2498
2500
2502
2503
2505
2506
2508
2511
2517
2518
2519
2520
2526
2538
2539
2542
2544
2545
2549
2550
2552
2553
2554
2555
2556
2557
2558
2559
2560
2562
2563
2564
2566
2567
2568
2569
2570
2571
2572
2573
2574
2575
2580
2583
2584
2585
2586
2587
2588
2589
2590
2591
2592
2595
2596
2603
2604
2607
2608
2609
2610
2611
2612
2613
2614
2615
2616
2617
2618
2619
2620
2621
2622
2623
2624
2625
2627
2630
2632
2633
2635
2636
2637
2638
2643
2645
2646
2647
2648
2649
2650
2652
2653
2654
2655
2656
2657
2658
2659
2660
2661
2662
2664
2668
2669
2670
2673
2674
2676
2677
2681
2683
2684
2685
2686
2687
2689
2691
2694
2697
2700
2701
2704
2705
2706
2708
2711
2712
2713
2714
2716
2725
2726
2728
2729
2730
2731
2732
2733
2734
2735
2737
2740
2748
2749
2751
2754
2755
2757
2758
2762
2763
2766
2767
2768
2771
2775
2776
2778
2779
2780
2781
2782
2784
2785
2786
2787
2788
2789
2791
2792
2793
2795
2796
2799
2800
2801
2802
2804
2805
2807
2808
2810
2811
2812
2814
2816
2818
2821
2822
2824
2826
2827
2828
2832
2833
2834
2835
2836
2837
2839
2841
2846
2847
2848
2849
2850
2851
2852
2854
2856
2857
2862
2863
2864
2865
2866
2867
2868
2869
2871
2872
2874
2875
2876
2877
2878
2879
2880
2881
2882
2883
2884
2886
2887
2889
2890
2894
2902
2904
2905
2906
2907
2908
2911
2912
2913
2914
2916
2917
2919
2920
2921
2922
2923
2924
2925
2926
2927
2928
2930
2931
2932
2933
2935
2936
2937
2938
2939
2940
2941
2942
2943
2944
2945
2946
2947
2948
2949
2950
2952
2953
2954
2955
2956
2959
2960
2961
2963
2966
2967
2968
2969
2970
2972
2974
2975
2976
2977
2978
2979
2980
2981
2983
2984
2985
2986
2987
2988
2989
2990
2991
2992
2993
2994
2996
2997
2998
2999
3000
3001
3002
3003
3004
3005
3006
3007
3008
3010
3012
3013
3014
3017
3018
3019
3021
3023
3024
3026
3027
3028
3029
3031
3034
3035
3037
3038
3039
3042
3043
3044
3045
3046
3048
3050
3052
3054
3055
3057
3059
3060
3067
3069
3070
3072
3074
3075
3076
3078
3079
3080
3081
3082
3083
3085
3086
3087
3088
3089
3090
3091
3094
3095
3096
3097
3098
3100
3101
3103
3105
3106
3107
3108
3110
3112
3113
3116
3117
3118
3119
3120
3121
3122
3123
3124
3126
3127
3128
3129
3130
3131
3132
3135
3136
3137
3138
3139
3141
3142
3143
3144
3146
3147
3148
3149
3151
3153
3155
3156
3186
3190
3192
3193
3198
3199
3200
3201
3241
3253
3254
3255
3258
3263
3265
3266
3267
3268
3269
3270
3273
3276
3278
3281
3283
3284
3289
3290
3292
3297
3298
3300
3301
3304
3306
3307
3308
3309
3310
3311
3312
3313
3314
3315
3316
3317
3318
3319
3321
3323
3324
3327
3333
3334
3335
3336
3337
3344
3345
3346
3349
3356
3357
3358
3365
3370
3372
3375
3376
3377
3378
3380
3381
3387
3389
3390
3396
3408
3411
3413
3414
3415
3416
3417
3418
3419
3420
3424
3427
3432
3433
3434
3436
3437
3445
3447
3448
3449
3452
3457
3458
3460
3466
3468
3469
3472
3474
3478
3480
3481
3482
3491
3494
3495
3497
3503
3504
3506
3509
3513
3514
3515
3516
3517
3520
3522
3524
3527
3529
3544
3546
3548
3553
3555
3560
3561
3562
3563
3564
3565
3566
3572
3573
3575
3577
3578
3588
3590
3591
3592
3593
3594
3599
3601
3602
3603
3604
3607
3611
3612
3616
3625
3629
3630
3636
3643
3648
3650
3653
3654
3655
3656
3657
3658
3659
3660
3661
3663
3664
3665
3666
3667
3668
3669
3670
3671
3672
3673
3680
3683
3684
3685
3687
3688
3689
3690
3692
3695
3705
3707
3708
3711
3712
3715
3716
3717
3720
3721
3722
3723
3724
3725
3726
3727
3729
3730
3731
3732
3733
3734
3739
3740
3741
3744
3747
3749
3750
3751
3752
3758
3759
3761
3763
3766
3767
3768
3769
3770
3772
3773
3774
3781
3782
3783
3784
3785
3786
3787
3791
3792
3802
3806
3810
3811
3812
3814
3815
3818
3821
3822
3823
3825
3826
3827
3829
3833
3835
3837
3838
3840
3841
3842
3845
3846
3847
3850
3851
3852
3853
3854
3855
3862
3864
3870
3871
3873
3874
3875
3876
3881
3882
3883
3884
3885
3886
3887
3888
3889
3890
3891
3892
3893
3894
3895
3896
3897
3898
3899
3900
3901
3903
3904
3905
3906
3907
3909
3910
3912
3915
3916
3917
3918
3919
3920
3921
3925
3929
3930
3931
3932
3933
3934
3935
3937
3938
3939
3940
3941
3943
3944
3945
3951
3952
3954
3956
3958
3960
3961
3962
3966
3971
3972
3973
3974
3975
3993
3997
3999
4003
4004
4005
4006
4008
4009
4010
4011
4012
4013
4015
4016
4020
4023
4024
4025
4031
4032
4033
4034
4035
4036
4037
4038
4039
4040
4041
4042
4043
4044
4047
4050
4051
4053
4054
4055
4056
4057
4058
4063
4067
4068
4069
4071
4073
4075
4078
4081
4082
4083
4084
4085
4087
4090
4091
4092
4093
4095
4096
4100
4101
4105
4106
4109
4111
4112
4113
4114
4115
4116
4117
4118
4119
4120
4121
4122
4123
4125
4126
4127
4128
4132
4133
4134
4136
4155
4158
4159
4160
4161
4162
4163
4164
4165
4166
4167
4168
4169
4170
4171
4172
4173
4175
4177
4181
4183
4184
4186
4187
4191
4192
4193
4196
4197
4198
4200
4202
4205
4206
4207
4211
4213
4214
4215
4217
4218
4219
4220
4221
4222
4223
4224
4225
4226
4227
4228
4229
4231
4232
4234
4235
4236
4238
4239
4240
4242
4243
4245
4246
4247
4248
4249
4250
4251
4253
4254
4255
4256
4257
4259
4260
4261
4262
4263
4264
4271
4273
4274
4275
4276
4277
4286
4290
4297
4298
4300
4302
4306
4307
4308
4309
4310
4311
4313
4315
4316
4317
4318
4339
4343
4351
4352
4353
4354
4356
4357
4358
4359
4363
4364
4366
4370
4371
4373
4374
4377
4379
4380
4386
4388
4390
4391
4394
4395
4396
4397
4398
4399
4402
4405
4406
4410
4411
4413
4414
4415
4416
4417
4421
4429
4430
4431
4432
4433
4434
4435
4436
4445
4447
4449
4451
4453
4455
4459
4460
4461
4464
4466
4467
4474
4475
4479
4482
4486
4487
4500
4501
4532
4536
4537
4538
4544
4545
4546
4554
4555
4556
4558
4559
4564
4565
4567
4569
4570
4571
4572
4573
4577
4578
4579
4581
4584
4586
4588
4590
4591
4594
4596
4597
4599
4600
4603
4604
4605
4607
4609
4610
4611
4612
4614
4615
4616
4618
4619
4620
4621
4622
4623
4624
4625
4626
4629
4630
4632
4633
4636
4637
4638
4639
4640
4641
4646
4648
4649
4655
4656
4657
4658
4659
4660
4661
4662
4663
4664
4665
4667
4668
4669
4670
4671
4672
4673
4674
4676
4679
4681
4683
4684
4686
4687
4690
4691
4692
4696
4705
4714
4717
4718
4719
4720
4721
4722
4726
4727
4728
4729
4730
4732
4739
4748
4752
4753
4754
4755
4757
4760
4768
4771
4773
4777
4778
4779
4780
4781
4786
4787
4789
4791
4797
4800
4801
4802
4805
4806
4808
4809
4826
4828
4831
4834
4836
4839
4842
4843
4845
4849
4850
4854
4855
4862
4864
4865
4868
4872
4876
4878
4879
4889
4890
4894
4895
4897
4898
4899
4900
4901
4903
4904
4905
4906
4912
4917
4923
4931
4941
4942
4943
4944
4945
4959
4965
4966
4967
4978
4979
4981
4982
4985
4991
4999
5001
5002
5004
5008
5009
5021
5022
5024
5030
5031
5033
5034
5037
5040
5041
5042
5045
5046
5047
5055
5062
5069
5070
5073
5076
5081
5085
5087
5090
5093
5102
5109
5119
5120
5121
5123
5124
5126
5127
5128
5129
5136
5137
5140
5144
5149
5153
5154
5156
5157
5161
5162
5163
5165
5166
5174
5175
5176
5177
5178
5179
5180
5185
5188
5190
5191
5192
5194
5203
5206
5207
5209
5211
5212
5215
5218
5221
5223
5224
5226
5228
5235
5241
5243
5244
5246
5247
5250
5252
5254
5255
5257
5262
5263
5267
5269
5275
5282
5284
5285
5294
5300
5301
5303
5304
5305
5307
5308
5309
5312
5319
5321
5327
5330
5332
5336
5340
5341
5349
5356
5378
5379
5383
5384
5396
5397
5412
5413
5414
5415
5420
5426
5434
5449
5452
5454
5457
5462
5465
5473
5474
5475
5476
5482
5492
5493
5496
5499
5502
5504
5506
5509
5510
5511
5512
5514
5517
5518
5519
5520
5525
5527
5528
5530
5531
5534
5538
5552
5553
5560
5564
5569
5570
5571
5572
5573
5574
5580
5581
5590
5592
5593
5596
5597
5604
5607
5608
5609
5611
5612
5613
5616
5617
5618
5619
5620
5621
5628
5630
5632
5633
5639
5641
5642
5643
5644
5649
5653
5656
5658
5661
5663
5668
5680
5681
5693
5697
5698
5700
5701
5705
5706
5709
5712
5713
5716
5717
5718
5719
5720
5725
5731
5739
5745
5746
5748
5749
5750
5752
5756
5773
5775
5776
5777
5778
5782
5783
5785
5786
5789
5790
5791
5792
5795
5796
5800
5802
5804
5806
5808
5810
5814
5815
5818
5820
5821
5831
5833
5834
5835
5837
5842
5845
5846
5851
5852
5853
5860
5864
5866
5870
5873
5879
5884
5888
5891
5892
5894
5895
5898
5899
5902
5903
5907
5915
5920
5923
5938
5945
5946
5947
5952
5972
5973
5974
5978
5981
5986
5987
5991
5993
5998
6003
6004
6008
6009
6010
6012
6013
6014
6015
6016
6020
6021
6023
6031
6039
6040
6041
6042
6043
6044
6045
6046
6047
6066
6067
6087
6094
6100
6103
6104
6105
6106
6108
6109
6110
6111
6116
6120
6122
6123
6125
6130
6133
6135
6136
6138
6142
6144
6147
6149
6150
6152
6156
6157
6160
6161
6164
6165
6167
6168
6169
6171
6172
6173
6174
6182
6183
6189
6191
6195
6196
6197
6198
6199
6203
6204
6205
6207
6208
6218
6220
6222
6230
6233
6234
6236
6238
6239
6241
6243
6244
6249
6250
6251
6252
6256
6261
6262
6263
6266
6270
6271
6272
6273
6275
6277
6278
6282
6283
6284
6285
6286
6288
6290
6294
6295
6302
6303
6304
6305
6306
6307
6314
6315
6319
6320
6322
6331
6332
6334
6335
6342
6345
6346
6348
6349
6350
6352
6354
6356
6357
6359
6363
6366
6368
6371
6373
6374
6375
6376
6378
6379
6380
6385
6393
6395
6396
6398
6399
6400
6401
6402
6405
6408
6417
6419
6420
6421
6422
6426
6431
6442
6443
6460
6461
6467
6475
6483
6493
6500
6512
6519
6521
6542
6544
6545
6546
6550
6551
6552
6553
6554
6555
6556
6558
6560
6561
6574
6575
6576
6577
6604
6606
6621
6654
6662
6668
6669
6673
6675
6677
6680
6682
6687
6697
6710
6713
6721
6730
6733
6735
6743
6747
6754
6755
6757
6758
6763
6765
6766
6767
6770
6773
6776
6777
6779
6783
6784
6785
6786
6787
6788
6795
6799
6800
6803
6805
6806
6809
6819
6822
6825
6827
6831
6839
6842
6844
6847
6848
6849
6852
6853
6855
6857
6858
6860
6861
6862
6864
6865
6867
6868
6872
6876
6878
6879
6881
6891
6896
6903
6904
6907
6912
6913
6914
6917
6920
6924
6926
6932
6933
6935
6938
6940
6941
6943
6944
6946
6947
6950
6951
6953
6960
6961
6982
6985
6987
6992
6995
6999
7000
7009
7013
7014
7016
7028
7029
7030
7031
7032
7033
7040
7042
7043
7045
7046
7047
7050
7051
7052
7058
7064
7068
7089
7100
7102
7103
7107
7108
7121
7122
7129
7132
7135
7136
7137
7139
7156
7157
7158
7160
7162
7163
7165
7167
7174
7175
7181
7182
7185
7191
7192
7196
7197
7198
7199
7207
7208
7212
7233
7241
7243
7245
7247
7248
7249
7250
7251
7252
7254
7255
7256
7270
7271
7272
7274
7275
7276
7277
7283
7284
7286
7287
7289
7291
7292
7293
7295
7300
7301
7303
7304
7306
7307
7308
7309
7311
7317
7322
7323
7324
7325
7326
7328
7329
7330
7331
7332
7333
7334
7335
7336
7337
7338
7339
7340
7382
7395
7396
7397
7402
7403
7404
7407
7411
7412
7413
7419
7421
7423
7424
7425
7430
7433
7444
7445
7446
7449
7450
7460
7463
7465
7468
7470
7471
7472
7487
7488
7489
7490
7491
7492
7493
7494
7495
7496
7497
7499
7500
7501
7505
7506
7510
7511
7512
7515
7537
7539
7540
7541
7542
7545
7546
7547
7548
7549
7554
7556
7560
7563
7573
7574
7581
7582
7583
7584
7585
7586
7590
7591
7592
7593
7594
7595
7597
7598
7599
7600
7602
7603
7605
7606
7631
7638
7644
7658
7661
7666
7692
7696
7700
7710
7736
7751
7759
7792
7794
7804
7806
7807
7809
7812
7817
7821
7824
7826
7827
7829
7831
7833
7838
7840
7842
7852
7853
7860
7866
7872
7875
7895
7900
7901
7903
7904
7905
7906
7907
7908
7909
7910
7916
7927
7929
7932
7933
7935
7938
7941
7946
7952
7954
7956
7958
7959
7960
7961
7966
7967
7983
7984
7985
7986
7988
7989
7990
7993
7998
8000
8004
8007
8008
8010
8011
8013
8014
8015
8017
8025
8026
8027
8029
8030
8033
8034
8035
8037
8038
8039
8040
8041
8042
8045
8046
8047
8048
8049
8050
8051
8052
8053
8079
8085
8094
8108
8109
8110
8122
8126
8131
8132
8133
8136
8137
8138
8139
8140
8163
8165
8166
8169
8170
8171
8172
8175
8181
8185
8186
8187
8188
8197
8218
8219
8225
8231
8233
8234
8236
8237
8238
8263
8268
8281
8282
8283
8284
8296
8314
8315
8318
8325
8329
8333
8334
8338
8352
8354
8358
8359
8362
8363
8364
8371
8372
8375
8389
8394
8402
8409
8413
8414
8421
8422
8429
8437
8441
8442
8443
8446
8447
8450
8461
8462
8481
8486
8494
8501
8504
8505
8508
8513
8514
8520
8528
8529
8530
8531
8533
8538
8544
8552
8577
8579
8582
8583
8584
8586
8587
8588
8589
8591
8595
8596
8597
8600
8601
8605
8607
8612
8613
8614
8617
8620
8623
8624
8625
8627
8635
8636
8639
8640
8642
8649
8651
8662
8664
8671
8677
8679
8693
8694
8696
8699
8712
8714
8717
8723
8724
8725
8726
8731
8732
8739
8740
8764
8765
8773
8775
8781
8784
8786
8789
8794
8800
8802
8804
8808
8812
8818
8819
8821
8836
8846
8849
8850
8851
8852
8853
8855
8856
8857
8860
8863
8867
8871
8872
8876
8879
8889
8890
8891
8894
8912
8916
8919
8920
8921
8923
8926
8930
8932
8933
8935
8937
8945
8946
8947
8948
8957
8963
8969
8978
8981
8986
8988
8989
8990
8991
8993
8996
8999
9000
9001
9003
9009
9018
9022
9024
9028
9037
9039
9040
9043
9056
9058
9060
9061
9064
9078
9079
9089
9091
9096
9097
9098
9101
9106
9107
9111
9113
9122
9123
9126
9136
9140
9141
9147
9148
9151
9156
9158
9159
9162
9165
9169
9174
9177
9178
9179
9181
9183
9196
9200
9215
9220
9233
9235
9236
9238
9288
9289
9292
9293
9295
9308
9313
9314
9315
9333
9334
9340
9347
9362
9374
9375
9380
9385
9386
9387
9389
9390
9391
9398
9410
9412
9413
9424
9430
9432
9435
9442
9461
9463
9464
9465
9466
9473
9474
9475
9477
9478
9479
9481
9483
9484
9485
9486
9487
9488
9492
9493
9494
9495
9496
9497
9498
9501
9502
9503
9506
9507
9508
9511
9512
9513
9514
9515
9516
9517
9518
9523
9524
9526
9527
9529
9530
9531
9534
9535
9536
9537
9538
9539
9540
9543
9544
9546
9547
9548
9549
9550
9552
9556
9557
9559
9560
9562
9564
9565
9567
9568
9569
9570
9573
9574
9577
9579
9581
9582
9583
9584
9586
9588
9589
9591
9597
9598
9601
9602
9603
9604
9605
9608
9609
9610
9612
9614
9615
9618
9619
9620
9621
9625
9629
9632
9633
9637
9638
9639
9640
9642
9643
9644
9646
9650
9651
9652
9654
9657
9658
9660
9666
9667
9669
9670
9671
9672
9674
9678
9679
9682
9683
9688
9690
9692
9693
9694
9695
9698
9699
9700
9701
9703
9706
9707
9711
9712
9713
9715
9716
9717
9718
9720
9721
9723
9724
9726
9727
9728
9730
9732
9734
9735
9737
9740
9741
9743
9745
9746
9751
9752
9753
9757
9760
9761
9762
9763
9764
9766
9767
9769
9770
9772
9773
9774
9778
9782
9783
9785
9787
9789
9792
9793
9795
9800
9801
9803
9804
9807
9810
9811
9814
9822
9824
9826
9828
9830
9832
9837
9838
9839
9840
9842
9844
9845
9847
9849
9851
9852
9854
9855
9859
9860
9861
9862
9864
9865
9868
9873
9874
9875
9876
9877
9879
9880
9882
9883
9887
9889
9892
9893
9896
9897
9898
9901
9903
9904
9906
9909
9910
9911
9913
9915
9916
9918
9928
9931
9932
9933
9934
9935
9937
9938
9943
9944
9948
9950
9952
9955
9957
9959
9961
9962
9969
9971
9972
9973
9975
9976
9978
9981
9985
9986
9990
9991
9995
9996
9997
10000
10002
10004
10005
10006
10011
10017
10023
10024
10026
10027
10028
10031
10032
10033
10037
10043
10044
10046
10047
10049
10051
10053
10055
10062
10063
10071
10072
10076
10078
10079
10081
10084
10087
10089
10090
10092
10093
10094
10096
10097
10101
10105
10107
10111
10112
10113
10117
10120
10121
10125
10131
10134
10135
10139
10140
10142
10145
10154
10157
10158
10160
10161
10166
10168
10170
10172
10175
10177
10179
10183
10184
10185
10186
10189
10190
10191
10193
10201
10202
10205
10206
10209
10211
10213
10214
10216
10236
10238
10242
10249
10257
10263
10265
10269
10270
10276
10281
10287
10289
10294
10295
10300
10306
10309
10310
10312
10313
10315
10316
10324
10328
10330
10335
10336
10338
10339
10346
10354
10356
10357
10363
10365
10369
10376
10377
10380
10383
10384
10385
10386
10387
10395
10397
10398
10399
10401
10402
10403
10413
10421
10426
10431
10434
10437
10449
10450
10454
10455
10458
10461
10464
10468
10471
10472
10475
10477
10480
10482
10485
10486
10489
10492
10494
10499
10503
10504
10515
10518
10522
10523
10524
10525
10526
10527
10531
10535
10537
10539
10540
10546
10550
10552
10554
10555
10562
10566
10567
10570
10573
10575
10580
10582
10584
10589
10596
10599
10611
10616
10617
10621
10622
10623
10624
10635
10641
10643
10662
10665
10667
10671
10679
10680
10682
10686
10687
10693
10695
10696
10700
10701
10702
10704
10705
10706
10707
10708
10709
10711
10713
10714
10716
10720
10724
10731
10734
10739
10741
10742
10743
10750
10757
10763
10764
10765
10767
10771
10773
10778
10782
10792
10793
10795
10802
10805
10816
10817
10822
10823
10824
10825
10826
10833
10837
10839
10840
10841
10849
10852
10874
10877
10878
10882
10885
10887
10890
10900
10902
10905
10916
10917
10922
10943
10953
10974
10977
10979
10987
10991
10992
10998
10999
11000
11008
11010
11020
11023
11027
11033
11035
11038
11045
11047
11049
11050
11052
11053
11054
11055
11056
11057
11058
11059
11063
11064
11065
11066
11072
11076
11077
11078
11079
11083
11084
11094
11097
11109
11110
11111
11116
11124
11125
11127
11130
11131
11135
11155
11159
11179
11180
11200
11224
11226
11235
11236
11237
11239
11242
11245
11249
11250
11254
11263
11266
11269
11271
11275
11276
11278
11281
11282
11284
11285
11287
11296
11297
11298
11305
11307
11308
11309
11311
11313
11325
11349
11384
11394
11395
11396
11398
11403
11404
11405
11406
11409
11411
11413
11415
11418
11419
11420
11422
11432
11439
11446
11470
11472
11474
11485
11486
11487
11492
11493
11497
11498
11509
11510
11518
11519
11520
11521
11522
11523
11524
11556
11565
11572
11596
11600
11609
11611
11612
11626
11639
11646
11647
11650
11657
11663
11664
11665
11668
11669
11672
11675
11676
11690
11707
11724
11731
11732
11736
11743
11744
11756
11757
11759
11760
11765
11766
11771
11776
11777
11789
11808
11810
11832
11833
11834
11841
11843
11845
11848
11866
11882
11893
11907
11912
11925
11926
11933
11954
11958
11963
11980
11984
11985
11994
12012
12020
12057
12071
12078
12083
12085
12110
12119
12120
12135
12138
12141
12142
12143
12144
12145
12146
12147
12148
12149
12150
12151
12152
12155
12156
12160
12162
12163
12172
12174
12178
12179
12180
12184
12186
12187
12189
12194
12198
12206
12207
12208
12209
12214
12215
12218
12220
12222
12228
12229
12233
12236
12239
12247
12263
12266
12271
12272
12276
12278
12296
12298
12304
12310
12311
12312
12319
12324
12325
12326
12334
12339
12343
12346
12347
12348
12370
12372
12381
12387
12393
12394
12403
12404
12409
12412
12416
12418
12419
12421
12423
12428
12430
12432
12436
12441
12443
12452
12464
12479
12511
12517
12533
12534
12535
12536
12539
12540
12546
12555
12561
12566
12587
12590
12593
12594
12595
12596
12597
12598
12599
12603
12615
12616
12618
12622
12626
12627
12628
12646
12648
12651
12654
12655
12660
12665
12667
12669
12690
12704
12705
12710
12711
12714
12716
12718
12751
12756
12767
12769
12770
12772
12774
12776
12780
12801
12806
12808
12812
12836
12875
12876
12882
12883
12887
12888
12892
12893
12913
12923
12936
12937
12942
12944
12951
12952
12954
12955
12959
12961
12963
12964
12966
12967
12968
12973
12977
12978
12979
12982
12984
12985
12986
12987
12988
13020
13027
13028
13030
13035
13036
13037
13042
13045
13062
13064
13066
13068
13069
13072
13074
13075
13082
13087
13088
13096
13097
13099
13118
13119
13128
13130
13134
13135
13137
13138
13151
13158
13159
13162
13163
13165
13166
13167
13176
13177
13185
13187
13188
13189
13190
13194
13197
13198
13200
13201
13204
13205
13212
13217
13219
13225
13226
13227
13228
13230
13231
13234
13235
13236
13237
13238
13239
13240
13243
13253
13254
13264
13270
13277
13278
13281
13284
13285
13286
13287
13288
13300
13301
13304
13305
13306
13307
13309
13310
13313
13316
13317
13331
13336
13337
13339
13340
13342
13344
13347
13349
13351
13352
13355
13364
13374
13375
13380
13392
13394
13397
13402
13417
13434
13449
13453
13454
13459
13460
13470
13471
13474
13476
13491
13496
13500
13501
13504
13509
13522
13525
13535
13536
13541
13549
13550
13555
13556
13559
13571
13585
13586
13587
13588
13591
13596
13597
13606
13609
13616
13619
13624
13630
13635
13639
13645
13648
13650
13652
13656
13667
13689
13697
13708
13715
13719
13727
13729
13732
13740
13741
13745
13750
13753
13757
13774
13775
13787
13789
13824
13825
13833
13836
13844
13852
13861
13863
13874
13875
13876
13894
13907
13914
13917
13926
13940
13947
13949
13952
13956
13963
13965
13982
13989
13991
14005
14006
14008
14010
14014
14018
14020
14032
14033
14034
14038
14048
14049
14057
14058
14072
14073
14082
14085
14088
14092
14093
14097
14123
14126
14129
14133
14134
14136
14138
14141
14142
14154
14157
14159
14201
14208
14209
14212
14213
14217
14218
14238
14239
14242
14251
14252
14254
14268
14273
14277
14289
14291
14293
14305
14318
14362
14365
14396
14401
14407
14423
14455
14464
14471
14475
14480
14484
14494
14522
14526
14528
14529
14530
14533
14537
14553
14554
14562
14565
14574
14575
14589
14590
14596
14597
14600
14604
14609
14614
14628
14629
14645
14657
14670
14672
14684
14700
14705
14718
14719
14721
14722
14723
14724
14726
14729
14735
14742
14744
14745
14759
14765
14766
14769
14770
14772
14777
14783
14784
14789
14792
14795
14798
14806
14809
14810
14811
14812
14816
14818
14819
14820
14822
14823
14825
14828
14831
14834
14836
14839
14840
14841
14845
14850
14852
14857
14858
14871
14876
14877
14889
14900
14906
14932
14940
14947
14948
14958
14961
14973
14995
14998
15000
15001
15002
15003
15010
15012
15014
15015
15020
15026
15027
15042
15050
15052
15053
15063
15065
15075
15076
15077
15079
15080
15083
15085
15086
15087
15093
15095
15096
15097
15098
15101
15103
15104
15105
15109
15110
15111
15113
15114
15116
15117
15118
15119
15120
15125
15128
15134
15135
15136
15137
15142
15144
15145
15146
15148
15150
15153
15154
15155
15156
15160
15165
15168
15175
15176
15181
15182
15183
15186
15188
15191
15192
15195
15196
15198
15200
15202
15203
15204
15205
15210
15211
15213
15214
15217
15218
15220
15224
15225
15229
15234
15235
15236
15237
15240
15241
15245
15247
15248
15249
15251
15255
15259
15260
15267
15268
15269
15271
15276
15285
15286
15289
15292
15295
15298
15303
15307
15312
15313
15314
15322
15326
15332
15334
15337
15338
15339
15349
15352
15361
15362
15364
15366
15370
15373
15375
15378
15380
15381
15383
15385
15387
15389
15390
15391
15392
15393
15394
15395
15396
15398
15399
15401
15406
15407
15408
15409
15411
15412
15417
15418
15423
15424
15425
15428
15431
15437
15438
15439
15441
15442
15443
15445
15448
15453
15457
15459
15460
15462
15463
15470
15471
15472
15474
15476
15477
15478
15479
15480
15481
15483
15484
15487
15488
15491
15492
15493
15494
15495
15500
15501
15502
15504
15506
15508
15511
15512
15514
15518
15519
15520
15522
15523
15524
15526
15527
15529
15537
15538
15540
15542
15543
15544
15547
15549
15550
15556
15557
15559
15561
15569
15570
15571
15574
15575
15576
15578
15579
15581
15585
15589
15593
15594
15595
15607
15608
15610
15613
15618
15620
15624
15625
15629
15637
15639
15641
15642
15649
15650
15652
15653
15654
15661
15662
15665
15666
15669
15671
15672
15674
15675
15676
15681
15682
15684
15685
15686
15688
15689
15692
15695
15697
15699
15700
15702
15703
15704
15707
15711
15712
15713
15714
15716
15718
15721
15724
15727
15728
15730
15732
15748
15749
15754
15770
15773
15776
15780
15788
15791
15797
15802
15810
15811
15820
15821
15822
15824
15829
15830
15841
15850
15851
15852
15856
15858
15862
15866
15867
15875
15878
15880
15881
15882
15884
15886
15888
15890
15891
15892
15893
15894
15895
15901
15902
15903
15904
15906
15909
15910
15911
15913
15914
15915
15917
15920
15922
15923
15924
15926
15929
15935
15936
15937
15946
15949
15960
15961
15964
15966
15967
15968
15969
15970
15971
15972
15973
15975
15979
15980
15981
15985
15993
15994
15995
15997
16015
16017
16018
16019
16021
16022
16024
16026
16027
16028
16033
16036
16037
16038
16039
16042
16045
16048
16050
16051
16053
16057
16058
16059
16060
16061
16062
16063
16067
16075
16077
16078
16081
16087
16088
16090
16091
16092
16096
16097
16100
16104
16106
16107
16109
16113
16114
16116
16118
16119
16122
16123
16125
16130
16131
16132
16135
16139
16145
16147
16152
16153
16156
16165
16166
16170
16172
16176
16177
16179
16180
16184
16191
16192
16197
16200
16201
16203
16204
16207
16209
16212
16214
16215
16219
16226
16228
16229
16235
16236
16239
16241
16242
16244
16245
16247
16248
16250
16251
16252
16255
16256
16258
16261
16263
16265
16267
16268
16269
16270
16272
16273
16276
16277
16280
16281
16282
16287
16288
16289
16291
16292
16293
16294
16295
16296
16298
16299
16300
16303
16305
16307
16308
16310
16311
16313
16316
16319
16322
16324
16325
16326
16328
16331
16332
16333
16336
16339
16340
16350
16351
16352
16362
16370
16371
16373
16377
16378
16380
16384
16385
16393
16394
16395
16398
16399
16400
16401
16403
16404
16408
16409
16410
16417
16421
16424
16425
16426
16428
16431
16432
16433
16438
16439
16442
16443
16444
16445
16447
16448
16452
16457
16459
16460
16462
16465
16467
16469
16471
16473
16474
16476
16478
16479
16480
16481
16485
16490
16491
16492
16493
16494
16496
16497
16498
16500
16502
16505
16506
16507
16508
16509
16512
16513
16519
16520
16522
16523
16524
16525
16529
16530
16535
16536
16539
16542
16545
16548
16553
16554
16555
16556
16563
16570
16574
16575
16578
16579
16583
16584
16585
16586
16591
16593
16594
16596
16597
16602
16604
16611
16619
16620
16622
16623
16627
16631
16632
16633
16643
16644
16647
16650
16651
16652
16654
16655
16658
16659
16660
16662
16663
16664
16665
16666
16668
16670
16671
16672
16677
16678
16679
16680
16681
16682
16683
16685
16688
16689
16691
16696
16699
16700
16702
16704
16705
16706
16707
16708
16709
16711
16713
16714
16715
16717
16718
16719
16721
16730
16734
16739
16740
16742
16743
16752
16756
16758
16760
16767
16768
16770
16771
16772
16773
16774
16775
16776
16777
16778
16781
16791
16798
16800
16804
16805
16808
16809
16810
16817
16818
16819
16821
16823
16825
16826
16827
16835
16836
16837
16849
16851
16858
16859
16860
16862
16873
16881
16886
16888
16889
16891
16895
16896
16898
16900
16902
16905
16909
16910
16913
16915
16916
16918
16919
16920
16926
16929
16930
16934
16941
16942
16946
16947
16950
16955
16956
16966
16968
16971
16973
16974
16975
16982
16983
16985
16987
16991
16994
17000
17002
17003
17004
17006
17007
17011
17013
17015
17023
17024
17025
17026
17030
17031
17033
17036
17037
17039
17042
17046
17052
17053
17054
17059
17061
17062
17067
17073
17078
17089
17092
17095
17096
17099
17102
17106
17109
17113
17114
17116
17120
17121
17124
17126
17127
17128
17131
17132
17135
17140
17143
17145
17146
17148
17151
17152
17160
17162
17168
17171
17181
17187
17201
17202
17203
17207
17208
17214
17219
17221
17225
17227
17230
17233
17245
17261
17269
17276
17278
17281
17282
17283
17285
17291
17292
17294
17295
17296
17297
17299
17301
17302
17303
17305
17312
17316
17318
17319
17325
17327
17339
17344
17346
17349
17350
17351
17352
17358
17363
17370
17372
17374
17378
17379
17387
17391
17396
17397
17398
17402
17403
17404
17406
17407
17408
17409
17411
17414
17417
17419
17421
17422
17423
17424
17429
17431
17432
17433
17434
17436
17438
17439
17441
17443
17444
17446
17449
17455
17456
17460
17462
17466
17467
17468
17469
17473
17474
17475
17479
17480
17484
17485
17486
17489
17491
17494
17497
17498
17503
17504
17507
17510
17515
17517
17518
17519
17520
17522
17524
17525
17527
17528
17530
17532
17533
17535
17538
17539
17541
17542
17543
17544
17547
17553
17555
17560
17564
17571
17573
17582
17585
17586
17587
17588
17591
17592
17596
17597
17605
17607
17611
17617
17619
17636
17640
17643
17644
17645
17646
17648
17650
17651
17653
17658
17663
17664
17676
17681
17684
17690
17699
17701
17703
17705
17706
17708
17710
17712
17714
17715
17716
17717
17722
17723
17724
17725
17730
17733
17740
17748
17754
17758
17761
17764
17765
17766
17768
17771
17774
17778
17780
17783
17785
17790
17791
17792
17794
17795
17796
17807
17808
17809
17810
17811
17815
17817
17820
17821
17822
17823
17824
17826
17827
17833
17842
17848
17851
17853
17858
17861
17864
17865
17866
17871
17872
17896
17897
17898
17899
17900
17901
17902
17905
17907
17910
17911
17912
17919
17922
17926
17942
17943
17948
17949
17956
17957
17968
17971
17978
17979
17981
17983
17991
17993
17994
17995
17996
17997
17999
18003
18004
18009
18014
18024
18025
18026
18028
18029
18030
18032
18041
18045
18054
18062
18077
18084
18085
18086
18090
18091
18093
18094
18098
18099
18100
18101
18104
18105
18106
18107
18108
18111
18116
18135
18140
18144
18146
18151
18152
18153
18154
18156
18158
18159
18160
18161
18164
18165
18166
18167
18168
18169
18171
18173
18175
18176
18179
18180
18203
18204
18205
18206
18209
18211
18212
18213
18215
18220
18221
18222
18223
18224
18225
18226
18227
18228
18230
18231
18236
18238
18239
18244
18248
18250
18252
18253
18254
18255
18271
18272
18273
18274
18275
18278
18280
18283
18285
18287
18294
18303
18312
18313
18318
18324
18326
18331
18334
18335
18336
18337
18339
18340
18341
18353
18354
18356
18358
18360
18363
18364
18365
18367
18369
18371
18373
18374
18375
18383
18386
18387
18388
18389
18392
18399
18401
18409
18410
18430
18437
18438
18440
18452
18453
18458
18471
18472
18475
18477
18480
18481
18482
18485
18488
18489
18490
18491
18494
18497
18498
18500
18504
18506
18507
18510
18512
18515
18518
18519
18521
18526
18535
18537
18544
18549
18552
18553
18554
18555
18556
18568
18574
18575
18576
18581
18582
18583
18603
18604
18605
18608
18612
18614
18616
18618
18622
18630
18634
18635
18639
18642
18647
18652
18655
18656
18660
18668
18670
18672
18673
18674
18677
18683
18684
18689
18690
18695
18698
18699
18700
18704
18705
18710
18711
18712
18713
18714
18715
18717
18721
18723
18726
18731
18734
18750
18758
18759
18763
18765
18780
18781
18782
18785
18787
18792
18794
18798
18804
18814
18815
18816
18817
18818
18823
18826
18827
18830
18831
18832
18834
18835
18837
18841
18851
18852
18853
18857
18859
18861
18863
18864
18865
18867
18868
18869
18889
18896
18897
18898
18899
18900
18908
18909
18910
18914
18915
18916
18933
18939
18943
18944
18946
18947
18948
18956
18957
18963
18977
18985
18987
18989
18991
18993
18997
19018
19020
19021
19022
19023
19051
19052
19063
19067
19071
19092
19098
19114
19119
19139
19149
19151
19153
19177
19180
19191
19192
19196
19197
19199
19201
19202
19203
19207
19208
19209
19219
19232
19239
19259
19261
19266
19267
19268
19269
19270
19271
19272
19273
19274
19294
19298
19325
19337
19339
19345
19349
19352
19360
19372
19373
19379
19403
19409
19413
19421
19425
19437
19440
19446
19457
19459
19468
19474
19481
19483
19484
19488
19490
19502
19520
19523
19538
19554
19555
19561
19563
19576
19583
19585
19605
19607
19612
19613
19617
19620
19625
19626
19630
19634
19639
19642
19645
19646
19648
19650
19653
19654
19655
19656
19658
19659
19670
19673
19677
19678
19680
19681
19682
19687
19698
19708
19714
19715
19716
19718
19727
19728
19729
19730
19732
19733
19740
19741
19742
19743
19744
19745
19754
19780
19785
19787
19792
19793
19794
19805
19819
19826
19835
19836
19846
19861
19863
19866
19869
19872
19889
19894
19895
19902
19907
19909
19911
19912
19932
19943
19944
19954
19955
19961
19962
19977
19979
19980
20000
20003
20014
20017
20018
20019
20020
20022
20027
20028
20029
20030
20031
20034
20035
20036
20038
20041
20042
20043
20047
20050
20056
20063
20064
20066
20070
20071
20093
20095
20096
20097
20107
20118
20120
20141
20154
20165
20169
20173
20175
20195
20204
20213
20215
20216
20217
20227
20233
20238
20248
20249
20252
20269
20272
20277
20278
20281
20284
20286
20289
20292
20310
20311
20312
20314
20318
20327
20328
20337
20338
20340
20350
20351
20353
20354
20359
20370
20373
20374
20376
20377
20382
20397
20399
20400
20411
20412
20418
20427
20432
20437
20441
20449
20479
20482
20484
20486
20487
20489
20497
20499
20506
20507
20508
20514
20517
20521
20527
20533
20540
20542
20556
20557
20558
20561
20562
20563
20583
20585
20593
20594
20605
20621
20622
20623
20654
20676
20684
20685
20689
20690
20691
20700
20708
20717
20731
20733
20737
20739
20743
20751
20772
20774
20775
20776
20788
20790
20791
20794
20800
20808
20810
20812
20814
20817
20831
20836
20840
20857
20871
20875
20885
20892
20893
20895
20900
20901
20916
20918
20934
20966
20981
21005
21011
21014
21015
21041
21046
21064
21065
21066
21067
21081
21085
21086
21088
21092
21099
21107
21108
21116
21118
21131
21143
21148
21153
21154
21155
21156
21160
21162
21163
21165
21170
21171
21182
21232
21247
21248
21266
21294
21308
21324
21345
21364
21394
21400
21402
21405
21409
21410
21422
21429
21430
21432
21444
21451
21466
21482
21488
21535
21543
21553
21557
21563
21573
21576
21577
21581
21582
21583
21584
21587
21596
21604
21625
21637
21677
21688
21693
21694
21695
21698
21708
21712
21718
21738
21745
21749
21773
21792
21798
21799
21809
21810
21866
21901
21905
21931
21982
21983
21984
21999
22009
22010
22017
22024
22042
22045
22053
22054
22063
22065
22066
22067
22069
22078
22081
22097
22125
22129
22162
22179
22202
22223
22255
22277
22280
22288
22304
22309
22312
22313
22327
22328
22341
22343
22344
22357
22364
22379
22380
22382
22389
22396
22399
22402
22404
22427
22432
22434
22438
22439
22461
22466
22468
22469
22481
22488
22496
22508
22509
22511
22515
22521
22529
22534
22535
22554
22562
22594
22600
22603
22629
22637
22638
22639
22646
22648
22689
22700
22713
22716
22722
22725
22728
22731
22734
22737
22741
22750
22753
22761
22765
22789
22798
22803
22804
22806
22807
22811
22816
22817
22820
22830
22835
22840
22851
22862
22882
22915
22923
22930
22932
22939
22950
22954
22955
22962
22963
22968
22975
22976
22997
23010
23018
23022
23027
23028
23029
23032
23035
23038
23053
23057
23061
23066
23067
23101
23106
23127
23130
23135
23140
23146
23151
23152
23154
23171
23182
23186
23191
23215
23229
23241
23251
23263
23273
23286
23305
23311
23324
23325
23330
23336
23337
23388
23399
23440
23458
23461
23478
23486
23487
23503
23512
23518
23520
23523
23533
23543
23553
23566
23581
23587
23592
23593
23604
23612
23640
23642
23643
23648
23652
23683
23703
23739
23741
23742
23747
23779
23794
23817
23828
23830
23831
23833
23836
23842
23856
23857
23865
23878
23879
23899
23912
23915
23934
23956
24000
24082
24099
24116
24141
24146
24175
24208
24209
24231
24239
24264
24292
24296
24311
24318
24344
24347
24363
24368
24376
24379
24387
24392
24393
24421
24422
24428
24446
24448
24452
24462
24463
24468
24480
24481
24482
24492
24533
24543
24562
24569
24576
24577
24580
24590
24592
24597
24600
24611
24616
24626
24635
24636
24660
24661
24669
24687
24689
24701
24766
24780
24792
24796
24800
24803
24804
24814
24832
24858
24865
24866
24883
24888
24910
24912
24914
24932
24933
24977
24978
24979
24983
24993
25009
25038
25046
25055
25077
25079
25080
25094
25100
25104
25106
25125
25126
25127
25138
25147
25150
25152
25171
25178
25191
25197
25200
25202
25203
25241
25244
25246
25257
25301
25317
25334
25356
25361
25362
25376
25416
25430
25444
25458
25459
25473
25476
25492
25511
25512
25513
25514
25515
25521
25556
25570
25611
25614
25621
25636
25692
25693
25706
25716
25720
25729
25760
25761
25771
25775
25779
25802
25814
25825
25846
25865
25880
25890
25891
25927
25934
25944
25952
25959
25969
25970
25980
25982
26009
26015
26018
26027
26028
26030
26034
26035
26037
26038
26039
26040
26069
26136
26143
26144
26148
26149
26153
26158
26160
26163
26165
26166
26172
26173
26183
26193
26195
26200
26207
26209
26233
26255
26274
26278
26315
26316
26326
26331
26341
26422
26432
26436
26446
26447
26448
26451
26461
26473
26489
26499
26512
26516
26519
26525
26532
26541
26545
26548
26559
26569
26579
26586
26587
26588
26635
26636
26653
26654
26664
26667
26673
26703
26710
26712
26713
26719
26721
26725
26732
26737
26744
26747
26809
26813
26832
26840
26844
26866
26877
26885
26912
26915
26916
26921
26936
26938
26941
26961
26975
26983
26988
26990
26991
26992
26997
27030
27031
27052
27055
27059
27060
27062
27065
27071
27075
27083
27087
27100
27101
27102
27107
27113
27123
27124
27130
27153
27155
27185
27187
27188
27203
27223
27224
27238
27239
27243
27245
27265
27266
27275
27276
27277
27288
27294
27295
27298
27301
27303
27308
27309
27337
27338
27353
27357
27360
27362
27367
27379
27434
27435
27446
27451
27458
27473
27474
27478
27481
27483
27485
27499
27500
27503
27507
27508
27525
27533
27556
27568
27577
27585
27594
27595
27602
27606
27613
27617
27634
27637
27638
27649
27651
27659
27672
27673
27694
27697
27720
27721
27723
27725
27743
27745
27746
27747
27748
27749
27750
27751
27754
27758
27759
27763
27766
27767
27768
27769
27770
27774
27775
27783
27784
27785
27790
27791
27793
27794
27796
27804
27807
27810
27816
27820
27822
27826
27827
27828
27829
27831
27834
27835
27840
27843
27846
27847
27848
27856
27857
27859
27861
27862
27863
27864
27868
27869
27871
27879
27891
27898
27901
27903
27907
27914
27915
27916
27920
27924
27925
27926
27927
27928
27933
27934
27939
27940
27941
27943
27946
27947
27949
27950
27951
27953
27956
27963
27971
27984
27998
28009
28025
28032
28044
28045
28051
28062
28070
28072
28077
28116
28120
28128
28135
28142
28148
28149
28152
28154
28155
28156
28157
28168
28173
28181
28184
28185
28187
28196
28204
28210
28213
28214
28216
28220
28221
28249
28255
28266
28279
28289
28291
28306
28309
28310
28314
28319
28327
28331
28337
28343
28346
28370
28383
28388
28389
28404
28408
28411
28414
28428
28442
28447
28458
28466
28468
28476
28485
28488
28492
28503
28508
28510
28516
28522
28536
28537
28539
28545
28548
28551
28553
28560
28572
28577
28583
28592
28595
28604
28618
28625
28637
28638
28644
28647
28648
28652
28657
28666
28671
28688
28705
28709
28712
28721
28722
28724
28726
28727
28733
28736
28743
28753
28755
28760
28763
28778
28796
28815
28817
28818
28821
28823
28840
28841
28843
28849
28850
28852
28859
28861
28862
28867
28874
28877
28888
28889
28890
28892
28895
28898
28902
28905
28913
28916
28922
28923
28925
28932
28943
28948
28951
28955
28958
28961
28973
28979
28980
28984
28985
28997
29003
29019
29034
29035
29037
29041
29055
29065
29066
29069
29070
29075
29076
29078
29079
29082
29088
29089
29102
29104
29108
29111
29118
29121
29122
29137
29140
29145
29148
29151
29172
29177
29203
29204
29227
29231
29246
29255
29291
29329
29341
29399
29405
29441
29465
29471
29473
29513
29514
29521
29543
29568
29572
29589
29591
29596
29640
29658
29693
29695
29706
29739
29741
29744
29754
29758
29759
29760
29765
29771
29776
29783
29785
29792
29799
29823
29825
29841
29842
29847
29876
29884
29897
29917
29919
29930
29957
29963
29970
30002
30013
30057
30085
30086
30087
30093
30132
30138
30139
30141
30149
30150
30154
30156
30176
30180
30243
30258
30281
30284
30325
30326
30346
30348
30349
30366
30374
30384
30407
30411
30412
30468
30474
30484
30498
30565
30595
30622
30623
30624
30627
30629
30640
30641
30648
30656
30664
30677
30682
30683
30724
30773
30775
30781
30785
30787
30798
30810
30822
30824
30836
30852
30914
30959
30972
30975
30976
30978
30984
30989
30992
31027
31033
31035
31037
31039
31046
31059
31067
31071
31120
31126
31155
31160
31219
31221
31239
31251
31277
31307
31338
31341
31342
31376
31389
31395
31406
31437
31438
31440
31456
31458
31459
31496
31501
31502
31506
31507
31547
31782
31785
31786
31793
31794
31800
31818
31844
31858
31864
31872
31931
31935
31970
31995
32061
32064
32067
32154
32213
32214
32215
32216
32217
32218
32219
32221
32222
32237
32248
32252
32296
32404
32410
32418
32421
32459
32464
32559
32665
32682
32701
32703
32709
32713
32716
32732
32774
32785
32792
32793
32798
32803
32835
32841
32877
32906
32979
32995
33002
33003
33025
33029
33049
33057
33058
33061
33095
33096
33132
33145
33161
33182
33195
33275
33314
33357
33360
33370
33371
33372
33387
33425
33428
33433
33434
33437
33438
33440
33452
33453
33455
33524
33525
33529
33535
33540
33544
33556
33589
33590
33592
33594
33596
33597
33602
33603
33607
33610
33612
33613
33614
33615
33628
33635
33664
33722
33726
33732
33779
33798
33799
33801
33805
33809
33831
33846
33887
33891
33906
33908
33909
33944
33952
33954
33971
33977
33985
33989
33991
34032
34070
34071
34101
34103
34138
34170
34193
34220
34337
34339
34356
34417
34422
34441
34460
34463
34466
34476
34480
34484
34486
34534
34535
34559
34560
34562
34565
34582
34583
34584
34589
34606
34616
34680
34683
34695
34696
34707
34716
34728
34749
34750
34751
34831
34841
34875
34887
34891
34900
34912
34916
34917
34947
34968
34975
34982
35008
35041
35055
35056
35098
35099
35154
35173
35204
35245
35251
35279
35297
35328
35333
35334
35351
35352
35369
35370
35371
35375
35378
35380
35383
35394
35395
35421
35433
35434
35436
35441
35449
35473
35475
35477
35478
35484
35485
35491
35494
35504
35506
35508
35513
35531
35540
35561
35571
35574
35588
35589
35590
35607
35610
35612
35613
35614
35622
35623
35624
35626
35627
35629
35639
35642
35644
35648
35649
35650
35656
35657
35658
35661
35663
35677
35681
35683
35685
35692
35694
35696
35700
35709
35710
35724
35741
35746
35748
35751
35759
35761
35762
35767
35772
35781
35784
35785
35828
35829
35834
35865
35954
35955
35958
35961
35963
35967
35976
35977
35980
35984
35992
36009
36011
36013
36033
36036
36055
36056
36073
36074
36108
36111
36113
36120
36130
36133
36134
36143
36144
36147
36149
36153
36163
36176
36177
36180
36185
36187
36196
36197
36198
36211
36223
36225
36230
36237
36239
36241
36245
36246
36249
36260
36269
36283
36300
36302
36305
36313
36318
36320
36321
36323
36328
36336
36343
36349
36380
36383
36385
36386
36389
36395
36407
36409
36411
36412
36414
36432
36437
36447
36452
36490
36492
36497
36499
36504
36515
36532
36535
36537
36548
36553
36561
36563
36567
36570
36572
36579
36582
36584
36585
36596
36598
36599
36610
36612
36624
36639
36640
36641
36658
36662
36682
36690
36716
36728
36730
36731
36751
36752
36762
36763
36766
36767
36772
36778
36782
36788
36790
36793
36809
36812
36820
36827
36838
36842
36845
36885
36888
36919
36926
36937
36941
37007
37024
37029
37030
37064
37117
37126
37130
37258
37316
37334
37344
37351
37390
37404
37407
37430
37452
37455
37477
37488
37600
37619
37650
37657
37665
37674
37676
37761
37768
37793
37825
37829
37841
37849
37945
37971
37984
38009
38050
38149
38163
38165
38166
38167
38176
38191
38196
38255
38256
38259
38268
38277
38305
38315
38338
38340
38344
38360
38361
38369
38372
38374
38389
38397
38444
38468
38470
38479
38488
38498
38499
38512
38513
38514
38519
38521
38537
38550
38552
38554
38555
38556
38558
38573
38580
38614
38635
38636
38637
38646
38653
38656
38657
38659
38665
38689
38690
38696
38705
38706
38722
38732
38755
38790
38791
38793
38796
38798
38807
38812
38817
38818
38819
38825
38827
38830
38852
38864
38871
38873
38876
38886
38909
38911
38919
38942
38950
38957
38968
38997
39029
39034
39036
39048
39052
39064
39072
39074
39078
39096
39097
39098
39103
39105
39113
39120
39126
39141
39144
39149
39150
39185
39195
39201
39205
39217
39238
39249
39266
39273
39277
39281
39288
39301
39307
39308
39314
39317
39323
39326
39361
39366
39387
39396
39422
39438
39439
39468
39520
39549
39580
39591
39627
39687
39690
39696
39706
39707
39714
39720
39734
39744
39746
39748
39752
39755
39760
39763
39771
39773
39779
39782
39784
39793
39804
39834
39836
39841
39842
39858
39863
39873
39878
39881
39883
39885
39895
39913
39917
39924
39933
39934
39981
39992
40000
40001
40002
40016
40017
40019
40043
40044
40045
40049
40059
40062
40077
40079
40096
40099
40102
40115
40118
40138
40139
40185
40188
40191
40193
40203
40211
40239
40244
40246
40255
40261
40265
40271
40275
40286
40302
40333
40339
40344
40346
40358
40359
40367
40372
40383
40419
40425
40433
40436
40492
40493
40497
40500
40501
40502
40504
40514
40522
40529
40566
40579
40580
40604
40609
40620
40628
40631
40633
40698
40724
40725
40732
40758
40764
40772
40781
40784
40787
40844
40856
40881
40887
40893
40908
40910
40933
40940
40947
40957
40962
41046
41083
41085
41086
41087
41092
41098
41104
41112
41139
41160
41172
41183
41188
41189
41191
41203
41205
41210
41213
41230
41234
41240
41253
41254
41260
41271
41288
41291
41313
41318
41321
41336
41349
41352
41360
41385
41390
41394
41395
41398
41432
41435
41444
41457
41460
41463
41474
41488
41497
41513
41516
41517
41520
41543
41553
41556
41560
41581
41588
41654
41659
41694
41752
41760
41762
41763
41774
41775
41787
41804
41822
41835
41846
41847
41854
41855
41872
41900
41914
41917
41925
41927
41935
41969
41971
41996
41998
42026
42031
42072
42074
42077
42081
42097
42111
42122
42124
42127
42145
42148
42165
42166
42175
42179
42185
42186
42187
42199
42201
42208
42212
42235
42239
42240
42244
42264
42271
42280
42295
42299
42300
42301
42302
42303
42310
42321
42322
42323
42324
42328
42338
42340
42341
42353
42354
42359
42361
42362
42363
42370
42371
42377
42380
42381
42405
42409
42423
42426
42434
42435
42436
42437
42448
42455
42458
42466
42467
42478
42481
42487
42488
42499
42503
42506
42509
42510
42512
42514
42524
42530
42537
42544
42556
42563
42592
42597
42600
42617
42621
42622
42625
42626
42627
42628
42639
42641
42643
42646
42656
42660
42663
42664
42671
42713
42721
42726
42727
42730
42732
42733
42734
42743
42758
42759
42761
42764
42766
42767
42768
42769
42770
42772
42784
42789
42794
42795
42797
42798
42799
42808
42813
42815
42818
42819
42823
42827
42828
42829
42830
42831
42832
42833
42834
42835
42837
42850
42861
42868
42891
42893
42905
42912
42914
42915
42917
42920
42925
42928
42930
42935
42936
42937
42938
42939
42940
42944
42962
42963
42964
42966
42969
42974
42975
42976
42977
43000
43014
43020
43023
43027
43031
43038
43040
43042
43044
43059
43062
43065
43076
43077
43084
43087
43095
43097
43098
43123
43129
43169
43170
43172
43204
43205
43214
43226
43245
43246
43253
43258
43259
43261
43264
43271
43279
43282
43287
43292
43293
43297
43301
43305
43310
43316
43335
43342
43349
43356
43364
43368
43376
43386
43400
43401
43402
43410
43411
43423
43425
43435
43479
43481
43486
43489
43491
43499
43538
43554
43574
43578
43580
43581
43582
43586
43589
43593
43599
43624
43644
43654
43658
43708
43720
43728
43751
43759
43768
43775
43786
43809
43826
43838
43840
43933
43939
43970
43996
44020
44059
44088
44098
44102
44151
44154
44162
44186
44199
44201
44223
44238
44240
44252
44270
44279
44282
44311
44312
44344
44377
44405
44449
44457
44519
44557
44582
44583
44591
44605
44621
44664
44670
44684
44730
44744
44765
44766
44781
44799
44803
44837
44840
44845
44848
44865
44866
44878
44900
44922
44938
44946
44951
45006
45011
45013
45014
45090
45133
45164
45208
45221
45278
45296
45298
45299
45300
45312
45314
45318
45319
45334
45337
45344
45360
45363
45365
45376
45390
45392
45404
45423
45440
45483
45489
45506
45521
45533
45546
45558
45561
45612
45622
45640
45650
45654
45666
45671
45684
45686
45713
45716
45726
45730
45732
45769
45779
45815
45827
45840
45867
45876
45891
45913
45918
45923
45932
45944
46022
46024
46030
46054
46070
46089
46091
46092
46194
46209
46278
46297
46304
46305
46337
46349
46359
46367
46373
46379
46400
46445
46449
46461
46466
46467
46472
46488
46545
46553
46653
46665
46667
46670
46671
46677
46683
46686
46687
46688
46705
46706
46713
46719
46725
46727
46728
46731
46741
46767
46770
46786
46819
46843
46868
46941
46981
46995
47115
47121
47143
47155
47158
47160
47241
47251
47304
47324
47328
47333
47347
47370
47378
47387
47389
47390
47453
47495
47496
47513
47520
47597
47604
47610
47658
47660
47676
47705
47738
47746
47849
47853
47953
48029
48039
48045
48083
48112
48114
48124
48136
48147
48169
48170
48196
48197
48211
48215
48225
48238
48241
48250
48309
48310
48315
48347
48365
48370
48375
48378
48380
48384
48393
48397
48427
48429
48449
48453
48465
48469
48478
48503
48506
48512
48525
48526
48539
48548
48552
48556
48575
48581
48583
48585
48587
48591
48635
48642
48643
48646
48657
48660
48666
48676
48678
48768
48778
48784
48789
48798
48804
48810
48819
48833
48842
48878
48892
48900
48902
48915
48916
48918
48940
48981
48983
48984
48997
49002
49004
49013
49038
49060
49082
49090
49095
49103
49124
49125
49126
49136
49156
49172
49213
49229
49242
49250
49251
49254
49260
49275
49304
49310
49317
49321
49322
49335
49337
49348
49357
49359
49363
49366
49377
49386
49394
49409
49440
49442
49444
49453
49456
49480
49487
49491
49496
49508
49522
49523
49528
49561
49587
49590
49596
49610
49640
49648
49657
49661
49664
49693
49700
49706
49718
49729
49735
49737
49747
49755
49767
49790
49793
49794
49796
49819
49828
49832
49852
49854
49878
49881
49897
49899
49901
49907
49910
49944
49958
49961
49982
50022
50120
50170
50181
50204
50230
50287
50313
50327
50446
50452
50458
50459
50464
50552
50553
50580
50584
50685
50696
50725
50746
50772
50774
50786
50831
50838
50845
50860
50878
50880
50886
50888
50893
50894
50897
50923
50925
50946
51021
51057
51058
51059
51069
51081
51083
51149
51243
51244
51246
51369
51376
51408
51409
51423
51444
51461
51480
51482
51487
51492
51561
51589
51619
51645
51705
51712
51732
51905
51960
51992
52046
52049
52086
52097
52301
52302
52331
52367
52372
52417
52439
52492
52564
52724
52732
52741
52746
52784
52797
52812
52827
52909
52947
52951
52955
52958
52972
52977
52980
52996
53052
53054
53068
53078
53088
53098
53144
53267
53269
53271
53272
53273
53274
53281
53418
53427
53429
53464
53481
53526
53529
53727
53783
53835
53875
53878
53947
53984
54007
54011
54089
54090
54091
54168
54195
54204
54213
54285
54312
54313
54316
54433
54531
54534
54550
54613
54623
54636
54646
54656
54658
54668
54703
54758
54829
54830
54845
54895
54919
54954
54955
54957
54963
54964
54979
54987
55031
55045
55052
55092
55111
55127
55133
55134
55141
55156
55162
55163
55194
55206
55222
55239
55241
55299
55302
55311
55316
55403
55405
55408
55469
55474
55481
55526
55565
55571
55576
55578
55588
55618
55626
55631
55633
55746
55768
55899
55904
55907
55908
55915
55961
55968
55979
56014
56030
56032
56035
56072
56083
56104
56155
56186
56313
56317
56320
56345
56353
56369
56433
56461
56505
56556
56566
56567
56637
56650
56655
56657
56693
56726
56772
56781
56825
56878
56885
56918
56969
56971
56995
56998
57021
57042
57069
57128
57144
57165
57195
57212
57239
57280
57282
57315
57318
57336
57344
57389
57419
57442
57565
57645
57882
57961
57986
57999
58105
58147
58170
58177
58242
58292
58302
58308
58330
58425
58454
58466
58476
58529
58533
58537
58588
58599
58606
58607
58621
58648
58662
58682
58693
58707
58711
58718
58731
58770
58771
58806
58807
58819
58829
58898
58904
58907
58911
58940
58947
58957
58989
58990
59005
59007
59020
59022
59029
59030
59033
59044
59045
59068
59083
59122
59124
59125
59127
59140
59149
59159
59180
59182
59187
59267
59305
59307
59335
59345
59349
59371
59413
59510
59517
59524
59542
59555
59566
59618
59622
59626
59636
59639
59703
59718
59803
60024
60056
60120
60172
60185
60208
60303
60308
60350
60361
60368
60369
60373
60395
60461
60532
60537
60558
60560
60571
60581
60614
60683
60731
60787
60796
60854
60857
61011
61035
61141
61147
61155
61177
61192
61214
61258
61265
61302
61327
61348
61372
61377
61406
61659
61661
61692
61756
61793
61827
61851
61854
62134
62155
62339
62408
62521
62536
62691
62714
62727
62868
63000
63162
63212
63271
63276
63441
63550
63593
64240
64378
64474
64544
64557
64564
64569
64620
64722
64723
64821
64863
64925
65003
65086
65095
65244
65262
65321
65323
65383
65403
65440
65460
65471
65501
65505
65510
65514
65524
65556
65562
65565
65602
65615
65621
65664
65667
65669
65675
65705
65803
65816
65823
65830
65908
65993
66038
66100
66178
66190
66206
66266
66277
66379
66380
66402
66404
66413
66420
66551
66561
66568
66736
66757
66760
66804
66811
66816
66833
66842
66848
66855
66860
66890
66905
66908
66934
66963
66982
67055
67058
67059
67067
67078
67086
67107
67118
67137
67176
67343
67400
67420
67452
67496
67540
67668
67671
67678
67761
67767
67855
67941
68006
68076
68112
68121
68137
68311
68334
68390
68533
68612
68623
68637
68638
68666
68702
68705
68797
68939
68943
69005
69024
69207
69255
69287
69340
69378
69415
69465
69468
69634
69635
69912
69950
69962
69984
70035
70112
70224
70248
70428
70501
70536
70540
70628
70838
70858
70918
70938
71007
71073
71338
71472
71508
71641
71646
71647
71656
71723
71731
71758
71783
72021
72086
72195
72209
72302
72439
72447
72459
72506
72618
72655
72668
72688
72707
72777
72842
73018
73020
73054
73055
73097
73179
73210
73215
73262
73310
73729
73755
73917
74360
74425
74579
74581
74627
74704
74709
74710
74711
74712
74884
74974
75015
75077
75094
75116
75129
75156
75389
75504
75521
75874
75918
75950
76004
76039
76050
76051
76081
76095
76130
76148
76177
76215
76371
76513
76536
76540
77181
77221
77287
77344
77357
77732
77774
77995
78052
78083
78287
78324
78393
78410
78442
78468
78560
78656
78820
78851
78879
78880
78917
78986
79063
79106
79157
79355
79383
79470
79474
79493
79524
79575
79576
79621
79676
79706
79719
79751
79753
79766
79802
79876
79917
79919
79946
79961
79985
79999
80037
80094
80138
80188
80215
80226
80321
80429
80740
80841
80992
80995
80997
81100
81122
81163
81204
81264
81268
81339
81465
81466
81472
81504
81510
81597
81629
81711
81738
81752
81767
81780
81789
81902
81920
81963
82031
82051
82247
82254
82323
82349
82404
82414
82433
82434
82630
82736
82873
82961
83007
83475
83722
83746
83749
83855
83877
83901
83949
84002
84025
84049
84120
84327
84353
84433
84478
84533
85172
85299
85307
85327
85354
85364
85482
85526
85726
85859
86063
86085
86089
86101
86103
86116
86118
86119
86126
86169
86283
86752
86768
87122
87148
87187
87337
87374
88103
88109
88119
88171
88194
88197
88209
88252
88266
88325
88479
88581
88748
88801
88849
88993
89186
89613
89915
90050
90311
90486
90629
90936
91089
91092
91183
91287
91294
91299
91302
91304
91305
91313
91352
91497
91499
91594
91776
91781
91876
91931
91934
91936
92020
92469
92598
92660
92845
93014
93035
93764
93828
93952
93989
94047
94440
94560
95177
95356
95470
96595
96912
97129
97473
97536
97785
97912
98034
98117
98462
99074
99573
99817
99991
100275
100302
100325
100353
100354
100388
100415
100678
101246
101361
101527
101901
102376
102583
102747
103024
103633
103679
103739
103811
103834
103852
103909
104059
104282
104650
105089
105131
105311
105358
105793
106689
106701
106748
106750
106826
106890
106901
106957
106971
107025
107110
107210
107481
107723
108271
108951
108996
109315
109323
109334
109351
109402
109580
109660
109881
110140
110575
111622
111920
112210
112317
112581
112591
112626
112850
112928
113405
114056
114375
114555
115728
116141
116206
116238
116500
116964
117190
117192
117272
117302
117419
117441
117542
118157
118546
118610
118779
119095
120116
121390
121751
122411
122626
123092
123422
123634
124038
124274
124679
124856
125035
125421
125824
126005
129888
130186
130325
131503
132160
132987
133451
133898
134742
134810
134814
135192
135260
137420
138500
138505
138547
138549
139944
140555
144893
151827
152303
161138
161145
161659
164088
173335
175875
176109
181878
205588
217960
253319
258678
263556
337888
406348
469571
489478
701043
701059
747550
748849
752781
815099
825929
838360
945667
961632
1000729
1067930
1140946
1141729
1155968
1196505
1211986
1228379
1244131
1245567
1290487
1293059
1312198
1636580
1637773
1638444
1643879
1813264
1823527
1970564
1984399
2194177
2195039
2356735
2872267
2872268
2872279
2872335
2872418
2872446
2872482
2872526
2903846
2947255
