45189885
42524675
21789932
30126710
15784938
47915880
23863715
49533382
40707906
47306827
3532218
50012518
48380081
48489621
4779437
47087335
17778514
6176138
13426351
48046720
41062404
50041770
47959684
34507182
49834221
22947577
19185044
47009050
49209703
9826976
49577110
5025017
48927096
49753269
4714664
48148413
48453715
30577189
35479234
36564599
34534028
49967112
47847629
14630382
49071982
14127209
48162462
5517690
32369587
47425241
47584889
19521702
50015708
5569414
47500471
47279314
48016934
28145653
42069181
49964987
49914502
40527025
11690583
6598002
15955047
39511976
49880695
49741514
33084041
27741271
49672385
31848351
4769600
14033185
48975665
33838427
48914386
8694645
21735642
41807509
4807279
32006229
32702435
42404689
35863594
11381926
48583101
48844807
49975087
27314685
49971172
2471508
38862769
5334527
19261657
15859990
49407461
11358762
45352639
48322451
21014006
46090837
38456473
41173196
20817917
26477033
36787559
45970864
8556716
47932962
30602997
49618881
18786221
31791600
47225363
8008091
20567381
5978680
40134605
48279741
37336275
47566675
39427392
15740990
31161178
40180956
34402131
48889307
17970
47335843
6395291
48365752
27982485
48163428
47000331
9726350
49191997
41481922
48923709
8086498
48454430
22200233
4881316
25472912
48760169
7698641
3269212
42201116
18807191
23975614
38697398
20729258
46343500
21222494
46150961
48409645
49004248
48155588
34071037
47664245
18203997
37380302
30870699
46385941
28755234
45610634
10806700
47655689
14031482
9925248
49414266
46550063
45661656
49421681
47752851
4684400
49105837
48774401
7241228
13458869
50075756
48277210
4462189
46736803
40065747
49828562
41270012
48197428
5835486
26272656
46207306
40398082
45358259
10183451
47493964
33154217
45473306
47721063
49366770
49566324
3982941
15210387
48427205
12405462
40533780
37128759
9413267
47477840
22808206
48686401
48573119
48237771
7399547
48939227
29522050
6662662
14836552
3947344
17913032
48365789
17965658
17584493
33516162
40562372
48283104
42917006
11519139
5767830
34806015
21638637
48724205
47466304
33810346
3145388
48907712
37497366
40430886
22234453
11938369
15546991
49854585
11486150
48453186
13725006
47727927
2542016
46278573
40821040
11257041
6575121
48027981
47632394
48315009
48657342
18520161
32433002
37330573
47185982
33394824
28701083
6358116
49040459
35761961
20629868
7128023
36567819
2540836
3543965
5058161
49645910
25577343
15311493
11793136
31034016
14641253
30305732
48436671
48185927
42379804
49457229
45545171
46932914
47159479
9684098
38460770
48784492
7770170
40705022
39160087
45375832
36565868
9233457
3906142
29689979
13797644
47720467
49786984
23667828
9153223
48144794
18185161
33787627
41965423
47582835
45517628
3381459
11260621
48442061
47596800
48272670
48359052
42831455
39413209
49345212
49627843
49481226
49424617
46581560
47820732
39337781
39603511
1076924
47563661
28102549
8351759
5821880
8938756
48292323
46051874
2286105
47159549
49296677
9972369
9925741
47903920
45372234
8387798
28209743
40005065
7915616
49817839
8067602
47977937
38298561
46630221
5471545
11982555
49376587
34949944
33269271
47762224
49613166
35892105
46480819
48886352
37996529
25398140
42727841
49179932
49951315
5433257
11081219
8995062
22490662
49058446
49128160
49377737
9595086
42995104
19891897
38176338
22738927
46019245
33830477
39591973
48143247
49507539
30226701
10307676
49721111
48697161
30697984
49913721
13583754
47511905
25732509
49724768
39833994
49887137
35673011
47624131
49185063
49259191
31530201
48297580
34785946
48605065
26247345
18532829
34832551
49175776
21131138
49293642
47631159
16811451
48980455
48633017
35233465
18686429
35172220
13912141
24679677
45165853
49576303
9202160
32315658
4698604
46090139
49282445
42075330
48674264
39954173
30509180
32257279
29469141
4537245
29853805
42116941
46042813
48371021
40841828
31380238
26284985
8995155
48460653
33301486
35672223
15412404
49623307
46331149
47469706
48766925
20582718
42968205
8519464
47163438
28055267
49585701
14030026
28496219
48323758
48810091
49384611
18982833
13628632
1000651
35684812
39571131
40878980
47090857
33653918
30297374
3441415
33368775
48129902
42920129
10827896
48811648
20387130
46643058
11682914
48613862
37531221
48550312
19933030
2752308
21409996
48436278
26767785
2130154
11867705
46071776
14742712
24769136
48098624
34291789
20444128
34524551
2917828
20930656
3222945
13453195
2534123
47801672
5681604
45292493
30080550
15274712
38018359
21261519
15094756
46918505
21607678
35589372
49724734
46787299
25916976
34744468
48821550
30264383
18729029
49711601
6642166
46416902
36578399
40517126
47250309
17184269
42949017
7609374
26503698
37480194
47301058
47620948
46708150
29752283
47490721
48652196
49595929
49577880
48296472
11661060
42899597
36734436
46470913
48362290
48097603
45231339
23334245
41365019
3515729
7565024
20573917
49520178
48891171
47740506
45734630
4901104
34559165
6048752
47112697
35643867
49027903
49352201
36989814
36575757
48294316
22426427
4850755
22309040
46201345
36261812
29715693
48640200
49109722
7590612
37044862
38168529
47534910
10441275
41865337
46898585
25133055
49699585
35352150
7363441
48255327
5820208
3496153
49008071
36804578
33134758
40257958
19800073
39179390
16166818
32530838
48116166
49791304
46268966
6389704
21270373
49740370
28477095
13047080
49446495
17090383
45908895
33071386
39736645
2334363
37162762
12318194
28991744
23406374
14894161
36531801
49613525
24459141
49939203
9508695
8608223
49078231
3236165
50032924
49842522
31040825
20569384
42932153
47498958
6653887
25713305
39354582
11318595
2471118
16501764
3238455
29582354
9586159
19112585
28742636
30633218
7341973
39698765
48711730
33788858
11826599
39966530
15768225
4739614
45155341
7931347
49091505
49244303
3030429
20542414
12747326
45745508
37162714
2886500
11969877
47150762
46720830
48768627
26738911
15292782
14773726
46699387
13066670
48960643
49713274
12433325
49447829
6221302
8560143
23802864
10281707
49666114
3863876
9080585
34471073
10121886
48395585
50012386
28338032
8037742
9028969
23328012
3960625
14129308
3720965
49605183
21917460
34197537
46305341
48917904
48680196
49234543
49579591
43106599
3455290
29756098
49204967
2109098
40605241
48945521
11211176
2188192
12523789
40749074
49378729
33175352
39140793
40854622
35553275
48159361
46473724
11793344
12717386
45232602
47628041
49443457
40247811
49270206
49721688
49788523
7155480
8457966
12393438
31479539
48667361
46163679
49762801
35159510
34826937
41033390
8439328
26579458
16997639
25986183
3558107
13031925
36058594
48224452
31599591
47534816
49059257
6207586
11751568
48798103
49877359
48768111
34357455
6468717
40760218
5089783
37078668
49229866
49579985
48721309
22406850
9420633
34649803
48925930
30252792
3383229
14559894
15640589
22385537
5574978
48558560
48474006
9080435
7618611
39534484
25371702
46812064
30320512
13076168
3462408
48983743
21043470
5557139
48127198
13412582
9085036
25316879
29798681
49336509
8050239
3395528
18406478
3705577
10770097
49351230
39161637
4944372
3965715
49727289
22800305
23012507
23922333
38745461
5664971
18180961
47895990
35277729
41093399
20869599
49922350
45829377
40316801
41986076
46540208
49609668
37805911
37220217
34667467
45747543
48202168
49728510
28973261
48138915
35322931
48554987
36897696
36802370
47528026
49361864
36980918
42142393
28457247
32387650
5810004
3711798
49548607
35307682
1045707
49353665
49123125
7343582
14254542
33166410
6743787
42600549
47034747
7655688
38214264
5721517
49545083
25365494
37965620
49573485
20534472
7147466
32963064
7210939
4830
22272945
22156952
42129611
21291815
49677064
38208479
48941831
42556408
48510162
3407668
41653002
48500205
49772302
46876869
10110906
5539414
10453138
4721236
18032343
29949528
4543787
29123280
47391763
7867337
46134618
45894801
40051231
47557988
50002318
49724356
8346945
10780887
45727291
25788669
3784080
49795001
48520084
41223404
7583570
2488899
48274150
4159449
45889751
22548204
48041986
27113954
39901806
25766299
37820082
39848815
36539122
49183986
7308992
49774296
48862666
49169869
48739046
47864894
31155473
40378881
10325713
35592920
49726074
47750531
11898667
13988851
6263168
48982249
36429518
10428603
35837281
49759912
26774469
36122105
33743246
4008369
49189993
50000882
23565460
46931901
47387616
48097022
49600022
48433277
13045546
36997725
48006168
32484753
20752461
33175799
22756181
14773365
49675091
32609626
49915888
46689936
30854388
2765181
5535755
39454322
41441712
22287281
17421749
10700418
10404059
21342244
48682443
39525764
49703592
26721326
14578570
20248627
45967833
48697489
49645540
48930877
49058507
39830886
3292435
21128139
15499857
48562188
8858901
47065400
48298992
32435967
47955478
39885652
33680809
47308266
41711296
32058825
46251627
42754178
49712167
35185225
33955617
42578855
49981082
3332579
3967787
16781899
48291749
28633080
36667146
49673074
35173777
49194463
7984747
25588284
49703850
48197027
25072261
32581647
3576238
3078641
18153822
5630075
23937064
6249301
47175357
49867406
15194157
1050187
8638856
15321389
34990001
15475009
49235122
6485303
49824149
49706578
48381037
11181646
7921292
48710741
33399286
11066349
3463705
46380572
18431993
48715104
42955537
5174838
3219752
45401068
45510464
25108975
5686898
32170450
49358678
48182984
8172127
39329596
49175038
49809149
49639082
48176128
21825462
11065641
49517903
25578090
36427768
28629559
49499355
49617767
4790932
26954432
49320662
13877702
22452657
5070052
38322781
7780288
14533201
25916993
21207032
30197164
48493764
3614082
7860358
41669943
28899545
5508124
33911805
49790861
46740400
6107272
49388602
46050110
48140085
47056573
35303420
26808821
41915512
25309009
19528472
41644544
2770591
6017785
46463929
42309197
49664998
7329879
24403719
24034572
9023083
46832824
19823094
49273990
21732383
48619841
